timestamps:
  login: 1460035222517
  logout: 1460035306749
ipAddress: 192.168.2.101
lastlocation:
  world: world
  x: 199.5
  y: 68.0
  z: 248.5
  yaw: 0.0
  pitch: 0.0
logoutlocation:
  world: world
  x: -1023.9437912940291
  y: 4.0
  z: 135.31692044061205
  yaw: 82.091515
  pitch: 7.499051
